A2:
  comp:
    A: 2.0
  MW: 32.0
  cp0: 1000.0
  NASA7:
    - 0.0
  well: 1.3465469697000001e-21
  diam: 3.621e-10
  dipole: 0.0
  polarize: 1.76e-30
  zrot: 4.0
  acentric: 0.0
  geometry: linear

B2:
  comp:
    B: 2.0
  MW: 28.0
  cp0: 1000.0
  NASA7:
    - 0.0
  well: 1.3465469697000001e-21
  diam: 3.621e-10
  dipole: 0.0
  polarize: 1.76e-30
  zrot: 4.0
  acentric: 0.0
  geometry: linear
